# n            h                    k                    l
  0     -0.13273            0.                    0.
  1     -0.28796165358324   0.                    1.0283235526008E-01
  2     -0.99015777857079  -0.30252982142510      2.3882296795977E-02
  3     -1.0499804506108   -0.19413374466744      6.9842389427609E-02
  4     -1.0530577076286   -0.13232011156270      5.8414556402486E-02
  5     -1.0862202513055   -1.0367909816775E-01   4.5882985026642E-02
  6     -1.1437960758344   -8.9497417870591E-02   3.8323239093888E-02
  7     -1.2122388695440   -8.1354654645797E-02   3.3958841392676E-02
  8     -1.2835813050683   -7.5926033358007E-02   3.1255814553650E-02
  9     -1.3541272940736   -7.1873503233373E-02   2.9422822139373E-02
  10    -1.4224009012792   -6.8618555740821E-02   2.8087652859918E-02
  11    -1.4879203781027   -6.5882299566456E-02   2.7069537929791E-02
  12    -1.5505984806631   -6.3511848720093E-02   2.6270514033631E-02
  13    -1.6104826419894   -6.1412900063622E-02   2.5629672874235E-02
  14    -1.6676551014110   -5.9522054212945E-02   2.5104749814806E-02
  15    -1.7222006224028   -5.7794355476601E-02   2.4664550240002E-02
  16    -1.7741996741891   -5.6196949962888E-02   2.4285477592323E-02
  17    -1.8237296367900   -5.4705420832743E-02   2.3949617574587E-02
  18    -1.8708675200990   -5.3301441302463E-02   2.3643463784864E-02
  19    -1.9156921305893   -5.1971164353756E-02   2.3356962543399E-02
  20    -1.9582852691282   -5.0704071384917E-02   2.3082758419285E-02
  21    -1.9987320780548   -4.9492129335240E-02   2.2815589108254E-02
  22    -2.0371207784077   -4.8329165258154E-02   2.2551800245203E-02
  23    -2.0735420247792   -4.7210398653194E-02   2.2288958647695E-02
  24    -2.1080880569068   -4.6132090293221E-02   2.2025546345142E-02
  25    -2.1408517774697   -4.5091278055365E-02   2.1760720477418E-02
  26    -2.1719258441853   -4.4085578209763E-02   2.1494126476252E-02
  27    -2.2014018322703   -4.3113036186559E-02   2.1225754018345E-02
  28    -2.2293694996134   -4.2172014842020E-02   2.0955827062500E-02
  29    -2.2559161699360   -4.1261111166778E-02   2.0684720856165E-02
  30    -2.2811262373890   -4.0379094553566E-02   2.0412900129312E-02
  31    -2.3050807880979   -3.9524861374897E-02   2.0140873811650E-02
  32    -2.3278573293344   -3.8697401852801E-02   1.9869162530942E-02
  33    -2.3495296141972   -3.7895776154970E-02   1.9598275914129E-02
  34    -2.3701675486079   -3.7119097367896E-02   1.9328697329626E-02
  35    -2.3898371673078   -3.6366519560332E-02   1.9060874215953E-02
  36    -2.4086006661692   -3.5637229579375E-02   1.8795212546286E-02
  37    -2.4265164792493   -3.4930441549540E-02   1.8532074303894E-02
  38    -2.4436393902594   -3.4245393302804E-02   1.8271777103480E-02
  39    -2.4600206694677   -3.3581344165533E-02   1.8014595299425E-02
  40    -2.4757082285211   -3.2937573669332E-02   1.7760762081758E-02
  41    -2.4907467867851   -3.2313380879419E-02   1.7510472189341E-02
  42    -2.5051780441115   -3.1708084108422E-02   1.7263884966650E-02
  43    -2.5190408559109   -3.1121020856246E-02   1.7021127565594E-02
  44    -2.5323714072429   -3.0551547864441E-02   1.6782298154960E-02
  45    -2.5452033835362   -2.9999041206777E-02   1.6547469038410E-02
  46    -2.5575681360430   -2.9462896366084E-02   1.6316689620583E-02
  47    -2.5694948407486   -2.8942528266341E-02   1.6089989181477E-02
  48    -2.5810106498544   -2.8437371243439E-02   1.5867379437582E-02
  49    -2.5921408352772   -2.7946878945822E-02   1.5648856883066E-02
  50    -2.6029089238891   -2.7470524163820E-02   1.5434404911005E-02
  51    -2.6133368244450   -2.7007798593548E-02   1.5223995721125E-02
  52    -2.6234449462797   -2.6558212533623E-02   1.5017592025548E-02
  53    -2.6332523099300   -2.6121294533194E-02   1.4815148566542E-02
  54    -2.6427766501024   -2.5696590987031E-02   1.4616613457393E-02
  55    -2.6520345111405   -2.5283665693498E-02   1.4421929366473E-02
  56    -2.6610413355216   -2.4882099384615E-02   1.4231034554309E-02
  57    -2.6698115457425   -2.4491489222546E-02   1.4043863780455E-02
  58    -2.6783586199532   -2.4111448289186E-02   1.3860349093391E-02
  59    -2.6866951618011   -2.3741605055367E-02   1.3680420515242E-02
  60    -2.6948329648803   -2.3381602846450E-02   1.3504006633138E-02
  61    -2.7027830720981   -2.3031099308479E-02   1.3331035108723E-02
  62    -2.7105558304609   -2.2689765868725E-02   1.3161433113436E-02
  63    -2.7181609414844   -2.2357287209786E-02   1.2995127700335E-02
  64    -2.7256075076575   -2.2033360742704E-02   1.2832046119129E-02
  65    -2.7329040752065   -2.1717696098459E-02   1.2672116081873E-02
  66    -2.7400586735594   -2.1410014623085E-02   1.2515265983913E-02
  67    -2.7470788515647   -2.1110048892285E-02   1.2361425089464E-02
  68    -2.7539717110001   -2.0817542235179E-02   1.2210523681679E-02
  69    -2.7607439373411   -2.0532248277529E-02   1.2062493186052E-02
  70    -2.7674018281899   -2.0253930495829E-02   1.1917266267674E-02
  71    -2.7739513194504   -1.9982361790370E-02   1.1774776907934E-02
  72    -2.7803980094544   -1.9717324074574E-02   1.1634960463233E-02
  73    -2.7867471813019   -1.9458607878598E-02   1.1497753706170E-02
  74    -2.7930038234188   -1.9206011968710E-02   1.1363094854878E-02
  75    -2.7991726485734   -1.8959342983264E-02   1.1230923590290E-02
  76    -2.8052581114548   -1.8718415086151E-02   1.1101181063559E-02
  77    -2.8112644249465   -1.8483049631447E-02   1.0973809895186E-02
  78    -2.8171955751369   -1.8253074843620E-02   1.0848754168193E-02
  79    -2.8230553353017   -1.8028325517791E-02   1.0725959413839E-02
  80    -2.8288472788717   -1.7808642723669E-02   1.0605372593268E-02
  81    -2.8345747913097   -1.7593873530590E-02   1.0486942077406E-02
  82    -2.8402410813595   -1.7383870743627E-02   1.0370617620031E-02
  83    -2.8458491913153   -1.7178492653025E-02   1.0256350331808E-02
  84    -2.8514020067068   -1.6977602791009E-02   1.0144092650052E-02
  85    -2.8569022652469   -1.6781069703423E-02   1.0033798307921E-02
  86    -2.8623525651894   -1.6588766734122E-02   9.9254223033133E-03
  87    -2.8677553731138   -1.6400571817345E-02   9.8189208658135E-03
  88    -2.8731130312155   -1.6216367276520E-02   9.7142514242587E-03
  89    -2.8784277640719   -1.6036039641632E-02   9.6113725741124E-03
  90    -2.8837016850510   -1.5859479466114E-02   9.5102440438111E-03
  91    -2.8889368022767   -1.5686581156322E-02   9.4108266625503E-03
  92    -2.8941350241301   -1.5517242815006E-02   9.3130823286221E-03
  93    -2.8992981646345   -1.5351366077668E-02   9.2169739761694E-03
  94    -2.9044279481747   -1.5188855973237E-02   9.1224655466289E-03
  95    -2.9095260143308   -1.5029620779848E-02   9.0295219555469E-03
  96    -2.9145939220985   -1.4873571892672E-02   8.9381090644306E-03
  97    -2.9196331540105   -1.4720623696408E-02   8.8481936516460E-03
  98    -2.9246451200366   -1.4570693446888E-02   8.7597433836599E-03
  99    -2.9296311611448   -1.4423701148263E-02   8.6727267887082E-03
  100   -2.9345925528310   -1.4279569451636E-02   8.5871132289244E-03
  101   -2.9395305083337   -1.4138223546433E-02   8.5028728753848E-03
  102   -2.9444461816654   -1.3999591057251E-02   8.4199766832379E-03
  103   -2.9493406705137   -1.3863601955040E-02   8.3383963678979E-03
  104   -2.9542150191249   -1.3730188458764E-02   8.2581043802127E-03
  105   -2.9590702207122   -1.3599284955160E-02   8.1790738858104E-03
  106   -2.9639072200622   -1.3470827912502E-02   8.1012787423739E-03
  107   -2.9687269157991   -1.3344755799426E-02   8.0246934790436E-03
  108   -2.9735301626941   -1.3221009014227E-02   7.9492932751749E-03
  109   -2.9783177736096   -1.3099529807891E-02   7.8750539429145E-03
  110   -2.9830905217162   -1.2980262217420E-02   7.8019519054691E-03
  111   -2.9878491422736   -1.2863151996919E-02   7.7299641805440E-03
  112   -2.9925943343821   -1.2748146562864E-02   7.6590683632968E-03
  113   -2.9973267628369   -1.2635194920613E-02   7.5892426078115E-03
  114   -3.0020470596816   -1.2524247616128E-02   7.5204656114800E-03
  115   -3.0067558258063   -1.2415256678785E-02   7.4527165991287E-03
  116   -3.0114536324313   -1.2308175561981E-02   7.3859753072355E-03
  117   -3.0161410223696   -1.2202959105803E-02   7.3202219707908E-03
  118   -3.0208185116373   -1.2099563472287E-02   7.2554373067472E-03
  119   -3.0254865905243   -1.1997946112150E-02   7.1916025014512E-03
  120   -3.0301457248350   -1.1898065712061E-02   7.1286991979307E-03
  121   -3.0347963573063   -1.1799882148428E-02   7.0667094801158E-03
  122   -3.0394389081261   -1.1703356464701E-02   7.0056158660878E-03
  123   -3.0440737766899   -1.1608450807048E-02   6.9454012893507E-03
  124   -3.0487013421136   -1.1515128403902E-02   6.8860490917432E-03
  125   -3.0533219645081   -1.1423353518220E-02   6.8275430092580E-03
  126   -3.0579359854817   -1.1333091426014E-02   6.7698671652131E-03
  127   -3.0625437295010   -1.1244308373365E-02   6.7130060542973E-03
  128   -3.0671455043882   -1.1156971537820E-02   6.6569445364189E-03
  129   -3.0717416021278   -1.1071049013110E-02   6.6016678262877E-03
  130   -3.0763322998864   -1.0986509768333E-02   6.5471614805805E-03
  131   -3.0809178603204   -1.0903323623738E-02   6.4934113937712E-03
  132   -3.0854985326611   -1.0821461219398E-02   6.4404037841606E-03
  133   -3.0900745531091   -1.0740893990374E-02   6.3881251886965E-03
  134   -3.0946461455309   -1.0661594141438E-02   6.3365624523132E-03
  135   -3.0992135220953   -1.0583534624996E-02   6.2857027209005E-03
  136   -3.1037768837327   -1.0506689112923E-02   6.2355334329642E-03
  137   -3.1083364207928   -1.0431031975909E-02   6.1860423117081E-03
  138   -3.1128923134170   -1.0356538261862E-02   6.1372173580871E-03
  139   -3.1174447322419   -1.0283183668325E-02   6.0890468424288E-03
  140   -3.1219938385718   -1.0210944537868E-02   6.0415192987859E-03
  141   -3.1265397850972   -1.0139797819519E-02   5.9946235165244E-03
  142   -3.1310827162413   -1.0069721062247E-02   5.9483485342771E-03
  143   -3.1356227683959   -1.0000692389317E-02   5.9026836345986E-03
  144   -3.1401600703961   -9.9326904906951E-03   5.8576183363802E-03
  145   -3.1446947440758   -9.8656945913411E-03   5.8131423884950E-03
  146   -3.1492269044595   -9.7996844468365E-03   5.7692457637187E-03
  147   -3.1537566599487   -9.7346403223340E-03   5.7259186550710E-03
  148   -3.1582841127750   -9.6705429800267E-03   5.6831514687670E-03
  149   -3.1628093595833   -9.6073736622360E-03   5.6409348159170E-03
  150   -3.1673324909119   -9.5451140746162E-03   5.5992595149218E-03
  151   -3.1718535926099   -9.4837463755273E-03   5.5581165760814E-03
  152   -3.1763727449911   -9.4232531670237E-03   5.5174972057145E-03
  153   -3.1808900237824   -9.3636174708861E-03   5.4773927955302E-03
  154   -3.1854055001713   -9.3048227301403E-03   5.4377949199082E-03
  155   -3.1899192407299   -9.2468527796402E-03   5.3986953333464E-03
  156   -3.1944313083960   -9.1896918516826E-03   5.3600859592379E-03
  157   -3.1989417614909   -9.1333245531002E-03   5.3219588962640E-03
  158   -3.2034506552670   -9.0777358653763E-03   5.2843064019059E-03
  159   -3.2079580408038   -9.0229111177211E-03   5.2471208997346E-03
  160   -3.2124639663154   -8.9688359954900E-03   5.2103949655675E-03
  161   -3.2169684765016   -8.9154965095879E-03   5.1741213308171E-03
  162   -3.2214716130062   -8.8628790137020E-03   5.1382928752528E-03
  163   -3.2259734146325   -8.8109701703458E-03   5.1029026235529E-03
  164   -3.2304739172531   -8.7597569509018E-03   5.0679437439914E-03
  165   -3.2349731545322   -8.7092266339195E-03   5.0334095386245E-03
  166   -3.2394711568615   -8.6593667881392E-03   4.9992934511318E-03
  167   -3.2439679529961   -8.6101652641383E-03   4.9655890506141E-03
  168   -3.2484635689622   -8.5616101929926E-03   4.9322900377850E-03
  169   -3.2529580287725   -8.5136899701702E-03   4.8993902378190E-03
  170   -3.2574513541748   -8.4663932617443E-03   4.8668835993176E-03
  171   -3.2619435654200   -8.4197089810947E-03   4.8347641864917E-03
  172   -3.2664346804530   -8.3736262890075E-03   4.8030261835682E-03
  173   -3.2709247155761   -8.3281345907893E-03   4.7716638868446E-03
  174   -3.2754136853817   -8.2832235290022E-03   4.7406717037267E-03
  175   -3.2799016028855   -8.2388829663447E-03   4.7100441496152E-03
  176   -3.2843884794124   -8.1951029960579E-03   4.6797758461107E-03
  177   -3.2888743252703   -8.1518739204849E-03   4.6498615154959E-03
  178   -3.2933591486248   -8.1091862664866E-03   4.6202959850107E-03
  179   -3.2978429572120   -8.0670307444201E-03   4.5910741745519E-03
  180   -3.3023257565368   -8.0253982895965E-03   4.5621911061784E-03
  181   -3.3068075516672   -7.9842800063461E-03   4.5336418907395E-03
  182   -3.3112883463797   -7.9436672072306E-03   4.5054217309234E-03
  183   -3.3157681429441   -7.9035513891796E-03   4.4775259220537E-03
  184   -3.3202469429434   -7.8639242144802E-03   4.4499498440364E-03
  185   -3.3247247470276   -7.8247775379605E-03   4.4226889614926E-03
  186   -3.3292015545255   -7.7861033727560E-03   4.3957388252920E-03
  187   -3.3336773643834   -7.7478939071338E-03   4.3690950633705E-03
  188   -3.3381521742807   -7.7101414838426E-03   4.3427533863991E-03
  189   -3.3426259809986   -7.6728386128965E-03   4.3167095830436E-03
  190   -3.3470987809731   -7.6359779478706E-03   4.2909595147919E-03
  191   -3.3515705697337   -7.5995523040820E-03   4.2654991183720E-03
  192   -3.3560413417160   -7.5635546377588E-03   4.2403244056306E-03
  193   -3.3605110910097   -7.5279780507131E-03   4.2154314568377E-03
  194   -3.3649798113239   -7.4928157771449E-03   4.1908164199747E-03
  195   -3.3694474952756   -7.4580611992459E-03   4.1664755133773E-03
  196   -3.3739141348684   -7.4237078192261E-03   4.1424050222950E-03
  197   -3.3783797219272   -7.3897492794901E-03   4.1186012936918E-03
  198   -3.3828442473712   -7.3561793459180E-03   4.0950607404631E-03
  199   -3.3873077020925   -7.3229919044230E-03   4.0717798338317E-03
  200   -3.3917700758895   -7.2901809615176E-03   4.0487551100738E-03
  201   -3.3962313587102   -7.2577406489124E-03   4.0259831599729E-03
  202   -3.4006915393418   -7.2256652050170E-03   4.0034606372987E-03
  203   -3.4051506066922   -7.1939489834144E-03   3.9811842487667E-03
  204   -3.4096085490781   -7.1625864432814E-03   3.9591507578938E-03
  205   -3.4140653544530   -7.1315721576717E-03   3.9373569818626E-03
  206   -3.4185210104254   -7.1009008033638E-03   3.9157997910302E-03
  207   -3.4229755042575   -7.0705671474148E-03   3.8944761076221E-03
  208   -3.4274288225702   -7.0405660743913E-03   3.8733829065213E-03
  209   -3.4318809524620   -7.0108925482157E-03   3.8525172076888E-03
  210   -3.4363318796142   -6.9815416407685E-03   3.8318760859279E-03
  211   -3.4407815900543   -6.9525085119058E-03   3.8114566604206E-03
  212   -3.4452300697789   -6.9237884115411E-03   3.7912560956347E-03
  213   -3.4496773040530   -6.8953766813845E-03   3.7712716035972E-03
  214   -3.4541232779099   -6.8672687428888E-03   3.7515004422476E-03
  215   -3.4585679763258   -6.8394601088517E-03   3.7319399114383E-03
  216   -3.4630113841231   -6.8119463778170E-03   3.7125873536268E-03
  217   -3.4674534853615   -6.7847232145098E-03   3.6934401565880E-03
  218   -3.4718942644942   -6.7577863831043E-03   3.6744957458593E-03
  219   -3.4763337054736   -6.7311317089649E-03   3.6557515889477E-03
  220   -3.4807717923668   -6.7047550920807E-03   3.6372051912848E-03
  221   -3.4852085084294   -6.6786525318774E-03   3.6188541003579E-03
  222   -3.4896438379647   -6.6528200504594E-03   3.6006958954590E-03
  223   -3.4940777630227   -6.6272538025887E-03   3.5827282040201E-03
  224   -3.4985102674936   -6.6019499630467E-03   3.5649486792507E-03
  225   -3.5029413345199   -6.5769048015084E-03   3.5473550130308E-03
  226   -3.5073709464900   -6.5521146365815E-03   3.5299449367956E-03
  227   -3.5117990865729   -6.5275758621822E-03   3.5127162100695E-03
  228   -3.5162257368695   -6.5032849393315E-03   3.4956666317509E-03
  229   -3.5206508799571   -6.4792383786643E-03   3.4787940307293E-03
  230   -3.5250744986239   -6.4554327559319E-03   3.4620962665896E-03
  231   -3.5294965743860   -6.4318647168961E-03   3.4455712365720E-03
  232   -3.5339170899221   -6.4085309501392E-03   3.4292168625159E-03
  233   -3.5383360271799   -6.3854282093707E-03   3.4130311006623E-03
  234   -3.5427533676387   -6.3625533086286E-03   3.3970119387400E-03
  235   -3.5471690940615   -6.3399031011748E-03   3.3811573868877E-03
  236   -3.5515831870347   -6.3174745098145E-03   3.3654654952467E-03
  237   -3.5559956291109   -6.2952644988975E-03   3.3499343321219E-03
  238   -3.5604064014023   -6.2732700987193E-03   3.3345619995933E-03
  239   -3.5648154858161   -6.2514883729569E-03   3.3193466237428E-03
  240   -3.5692228635962   -6.2299164357594E-03   3.3042863601466E-03
  241   -3.5736285160822   -6.2085514641440E-03   3.2893793898494E-03
  242   -3.5780324249096   -6.1873906715971E-03   3.2746239182859E-03
  243   -3.5824345710736   -6.1664313139448E-03   3.2600181791851E-03
  244   -3.5868349358891   -6.1456707094426E-03   3.2455604288757E-03
  245   -3.5912335004896   -6.1251061972787E-03   3.2312489495740E-03
  246   -3.5956302465299   -6.1047351800064E-03   3.2170820445883E-03
  247   -3.6000251548429   -6.0845550883240E-03   3.2030580445875E-03
  248   -3.6044182060089   -6.0645634086598E-03   3.1891753045067E-03
  249   -3.6088093818630   -6.0447576661512E-03   3.1754321959211E-03
  250   -3.6131986632329   -6.0251354082249E-03   3.1618271178641E-03
  251   -3.6175860306939   -6.0056942474648E-03   3.1483584917300E-03
  252   -3.6219714658165   -5.9864318102708E-03   3.1350247564830E-03
  253   -3.6263549487867   -5.9673457863427E-03   3.1218243785183E-03
  254   -3.6307364617302   -5.9484338847619E-03   3.1087558355242E-03
  255   -3.6351159845890   -5.9296938532097E-03   3.0958176367452E-03
  256   -3.6394934989426   -5.9111234758238E-03   3.0830083032773E-03
  257   -3.6438689853994   -5.8927205882634E-03   3.0703263807039E-03
  258   -3.6482424245192   -5.8744830294697E-03   3.0577704345720E-03
  259   -3.6526137983521   -5.8564086979812E-03   3.0453390422581E-03
  260   -3.6569830869172   -5.8384955189325E-03   3.0330308096255E-03
  261   -3.6613502713418   -5.8207414385572E-03   3.0208443563229E-03
  262   -3.6657153324423   -5.8031444447043E-03   3.0087783212916E-03
  263   -3.6700782512834   -5.7857025673115E-03   2.9968313600128E-03
  264   -3.6744390091426   -5.7684138432688E-03   2.9850021454089E-03
  265   -3.6787975858946   -5.7512763625491E-03   2.9732893739533E-03
  266   -3.6831539639872   -5.7342882225827E-03   2.9616917469487E-03
  267   -3.6875081234876   -5.7174475606776E-03   2.9502079945026E-03
  268   -3.6918600460897   -5.7007525615440E-03   2.9388368547814E-03
  269   -3.6962097120962   -5.6842013956137E-03   2.9275770894993E-03
  270   -3.7005571029275   -5.6677923002074E-03   2.9164274708131E-03
  271   -3.7049021994707   -5.6515235104518E-03   2.9053867898711E-03
  272   -3.7092449833703   -5.6353933196617E-03   2.8944538488217E-03
  273   -3.7135854353527   -5.6194000142396E-03   2.8836274707080E-03
  274   -3.7179235370617   -5.6035419258857E-03   2.8729064880159E-03
  275   -3.7222592686552   -5.5878174042068E-03   2.8622897567108E-03
  276   -3.7265926126045   -5.5722248290400E-03   2.8517761355182E-03
  277   -3.7309235490449   -5.5567625904740E-03   2.8413645086741E-03
  278   -3.7352520599750   -5.5414291274071E-03   2.8310537663105E-03
  279   -3.7395781269925   -5.5262228729349E-03   2.8208428142578E-03
  280   -3.7439017314697   -5.5111423059611E-03   2.8107305734454E-03
  281   -3.7482228543975   -5.4961859175582E-03   2.8007159798880E-03
  282   -3.7525414767427   -5.4813522290655E-03   2.7907979833480E-03
  283   -3.7568575808821   -5.4666397597410E-03   2.7809755403639E-03
  284   -3.7611711487280   -5.4520470818791E-03   2.7712476225599E-03
  285   -3.7654821617243   -5.4375727705819E-03   2.7616132167010E-03
  286   -3.7697905998406   -5.4232154211428E-03   2.7520713285826E-03
  287   -3.7740964473014   -5.4089736581711E-03   2.7426209578711E-03
  288   -3.7783996840187   -5.3948461209290E-03   2.7332611351680E-03
  289   -3.7827002939768   -5.3808314583379E-03   2.7239908860401E-03
  290   -3.7869982557679   -5.3669283665170E-03   2.7148092706002E-03
  291   -3.7912935538726   -5.3531355308307E-03   2.7057153360417E-03
  292   -3.7955861697532   -5.3394516687445E-03   2.6967081538506E-03
  293   -3.7998760851726   -5.3258755096713E-03   2.6877868057674E-03
  294   -3.8041632824528   -5.3124058093236E-03   2.6789503822972E-03
  295   -3.8084477439312   -5.2990413440785E-03   2.6701979853271E-03
  296   -3.8127294515811   -5.2857808874903E-03   2.6615287290670E-03
  297   -3.8170083869496   -5.2726232562873E-03   2.6529417402428E-03
  298   -3.8212845334551   -5.2595672580303E-03   2.6444361490408E-03
  299   -3.8255578738601   -5.2466117358470E-03   2.6360110978067E-03
  300   -3.8298283893524   -5.2337555512232E-03   2.6276657471473E-03
  301   -3.8340960634729   -5.2209975659168E-03   2.6193992573674E-03
  302   -3.8383608779687   -5.2083366556598E-03   2.6112108065496E-03
  303   -3.8426228167620   -5.1957717347805E-03   2.6030995736238E-03
  304   -3.8468818609597   -5.1833017197930E-03   2.5950647592168E-03
  305   -3.8511379945863   -5.1709255208638E-03   2.5871055618598E-03
  306   -3.8553912011013   -5.1586421098657E-03   2.5792211912304E-03
  307   -3.8596414624093   -5.1464504163605E-03   2.5714108737692E-03
  308   -3.8638887621497   -5.1343494388840E-03   2.5636738376593E-03
  309   -3.8681330819891   -5.1223381619996E-03   2.5560093281004E-03
  310   -3.8723744064638   -5.1104155795602E-03   2.5484165883058E-03
  311   -3.8766127190252   -5.0985806978895E-03   2.5408948750671E-03
  312   -3.8808480024596   -5.0868325684557E-03   2.5334434557363E-03
  313   -3.8850802395985   -5.0751702208209E-03   2.5260616068527E-03
  314   -3.8893094153404   -5.0635926983151E-03   2.5187486057025E-03
  315   -3.8935355125761   -5.0520990798387E-03   2.5115037455674E-03
  316   -3.8977585146178   -5.0406884490745E-03   2.5043263259571E-03
  317   -3.9019784053993   -5.0293598827903E-03   2.4972156537334E-03
  318   -3.9061951689422   -5.0181124888209E-03   2.4901710421709E-03
  319   -3.9104087885551   -5.0069453964027E-03   2.4831918163258E-03
  320   -3.9146192488099   -4.9958577168853E-03   2.4762773040269E-03
  321   -3.9188265336794   -4.9848485995446E-03   2.4694268427705E-03
  322   -3.9230306269715   -4.9739171815308E-03   2.4626397797184E-03
  323   -3.9272315139723   -4.9630626331939E-03   2.4559154632571E-03
  324   -3.9314291764037   -4.9522841269471E-03   2.4492532627297E-03
  325   -3.9356236013469   -4.9415808550303E-03   2.4426525351401E-03
  326   -3.9398147733056   -4.9309519931778E-03   2.4361126546385E-03
  327   -3.9440026733806   -4.9203967538635E-03   2.4296330152512E-03
  328   -3.9481872893697   -4.9099143437008E-03   2.4232129934860E-03
  329   -3.9523686062867   -4.8995039983010E-03   2.4168519827664E-03
  330   -3.9565466065357   -4.8891649554803E-03   2.4105493938553E-03
  331   -3.9607212775366   -4.8788964414985E-03   2.4043046256867E-03
  332   -3.9648926013197   -4.8686977377832E-03   2.3981171038733E-03
  333   -3.9690605647562   -4.8585680845897E-03   2.3919862429453E-03
  334   -3.9732251553071   -4.8485067565370E-03   2.3859114628561E-03
  335   -3.9773863538718   -4.8385130506525E-03   2.3798922129826E-03
  336   -3.9815441461231   -4.8285862572574E-03   2.3739279321429E-03
  337   -3.9856985205140   -4.8187256695893E-03   2.3680180559479E-03
  338   -3.9898494617579   -4.8089305889054E-03   2.3621620396113E-03
  339   -3.9939969531702   -4.7992003509426E-03   2.3563593501041E-03
  340   -3.9981409821349   -4.7895342697467E-03   2.3506094458110E-03
  341   -4.0022815358448   -4.7799316839312E-03   2.3449117915581E-03
  342   -4.0064185961345   -4.7703919551993E-03   2.3392658777048E-03
  343   -4.0105521523658   -4.7609144136338E-03   2.3336711741754E-03
  344   -4.0146821896572   -4.7514984159354E-03   2.3281271715897E-03
  345   -4.0188086935070   -4.7421433427772E-03   2.3226333651662E-03
  346   -4.0229316501363   -4.7328485820461E-03   2.3171892528004E-03
  347   -4.0270510474432   -4.7236134921457E-03   2.3117943332061E-03
  348   -4.0311668695013   -4.7144374772871E-03   2.3064481238286E-03
  349   -4.0352791048017   -4.7053199296699E-03   2.3011501321911E-03
  350   -4.0393877380211   -4.6962602681825E-03   2.2958998842244E-03
  351   -4.0434927581760   -4.6872579038826E-03   2.2906968973571E-03
  352   -4.0475941493653   -4.6783122403320E-03   2.2855407108975E-03
  353   -4.0516919004675   -4.6694227289344E-03   2.2804308518900E-03
  354   -4.0557859971104   -4.6605887887973E-03   2.2753668662374E-03
  355   -4.0598764283067   -4.6518098609553E-03   2.2703482914125E-03
  356   -4.0639631789508   -4.6430854147652E-03   2.2653746845311E-03
  357   -4.0680462370468   -4.6344148794015E-03   2.2604455984014E-03
  358   -4.0721255905858   -4.6257977420928E-03   2.2555605896393E-03
  359   -4.0762012259209   -4.6172334359974E-03   2.2507192259589E-03
  360   -4.0802731290383   -4.6087214925816E-03   2.2459210807738E-03
  361   -4.0843412919312   -4.6002613381313E-03   2.2411657130940E-03
  362   -4.0884056995182   -4.5918524871150E-03   2.2364527096495E-03
  363   -4.0924663389871   -4.5834944222072E-03   2.2317816550190E-03
  364   -4.0965231994745   -4.5751866635977E-03   2.2271521308238E-03
  365   -4.1005762689128   -4.5669286840043E-03   2.2225637291874E-03
  366   -4.1046255344485   -4.5587200316448E-03   2.2180160475891E-03
  367   -4.1086709857088   -4.5505601896790E-03   2.2135086813983E-03
  368   -4.1127126099932   -4.5424487156260E-03   2.2090412370638E-03
  369   -4.1167503943587   -4.5343851065465E-03   2.2046133268653E-03
  370   -4.1207843280895   -4.5263689151209E-03   2.2002245601189E-03
  371   -4.1248144017853   -4.5183996822097E-03   2.1958745460044E-03
  372   -4.1288406014934   -4.5104769489694E-03   2.1915629131422E-03
  373   -4.1328629172522   -4.5026002662506E-03   2.1872892813294E-03
  374   -4.1368813371270   -4.4947691935234E-03   2.1830532806543E-03
  375   -4.1408958508532   -4.4869832877461E-03   2.1788545405128E-03
  376   -4.1449064460326   -4.4792421281389E-03   2.1746927010710E-03
  377   -4.1489131122935   -4.4715452594880E-03   2.1705673998194E-03
  378   -4.1529158399804   -4.4638922783778E-03   2.1664782770128E-03
  379   -4.1569146162043   -4.4562827686319E-03   2.1624249859131E-03
  380   -4.1609094324514   -4.4487163082498E-03   2.1584071701872E-03
  381   -4.1649002769593   -4.4411924872877E-03   2.1544244880389E-03
  382   -4.1688871403202   -4.4337109063438E-03   2.1504765941429E-03
  383   -4.1728700098527   -4.4262711813856E-03   2.1465631567131E-03
  384   -4.1768488786723   -4.4188728878158E-03   2.1426838304994E-03
  385   -4.1808237340583   -4.4115156327176E-03   2.1388382917849E-03
  386   -4.1847945661122   -4.4041990729837E-03   2.1350262105964E-03
  387   -4.1887613663473   -4.3969227928773E-03   2.1312472582689E-03
  388   -4.1927241243988   -4.3896864301672E-03   2.1275011142631E-03
  389   -4.1966828272665   -4.3824896006585E-03   2.1237874703769E-03
  390   -4.2006374707230   -4.3753319394655E-03   2.1201059941522E-03
  391   -4.2045880403816   -4.3682130945398E-03   2.1164563890703E-03
  392   -4.2085345291341   -4.3611326809171E-03   2.1128383384898E-03
  393   -4.2124769283147   -4.3540903636788E-03   2.1092515349810E-03
  394   -4.2164152268897   -4.3470857922460E-03   2.1056956807364E-03
  395   -4.2203494144560   -4.3401186073941E-03   2.1021704803164E-03
  396   -4.2242794855325   -4.3331884738839E-03   2.0986756262960E-03
  397   -4.2282054272413   -4.3262950310410E-03   2.0952108369999E-03
  398   -4.2321272321401   -4.3194379873461E-03   2.0917758168274E-03
  399   -4.2360448925079   -4.3126169622594E-03   2.0883702760548E-03
  400   -4.2399583957114   -4.3058316595660E-03   2.0849939407384E-03
  401   -4.2438677393257   -4.2990817254684E-03   2.0816465112380E-03
  402   -4.2477729100910   -4.2923668659105E-03   2.0783277224714E-03
  403   -4.2516739008070   -4.2856867478270E-03   2.0750372946956E-03
  404   -4.2555707026969   -4.2790410747121E-03   2.0717749556378E-03
  405   -4.2594633050919   -4.2724295019075E-03   2.0685404422471E-03
  406   -4.2633517037537   -4.2658517538284E-03   2.0653334741904E-03
  407   -4.2672358909898   -4.2593075088307E-03   2.0621537861855E-03
  408   -4.2711158543217   -4.2527964883305E-03   2.0590011283424E-03
  409   -4.2749915878108   -4.2463183632486E-03   2.0558752351671E-03
  410   -4.2788630823654   -4.2398728678739E-03   2.0527758531084E-03
  411   -4.2827303351766   -4.2334596937046E-03   2.0497027131402E-03
  412   -4.2865933332829   -4.2270785450217E-03   2.0466555787150E-03
  413   -4.2904520703464   -4.2207291777066E-03   2.0436341965461E-03
  414   -4.2943065384181   -4.2144112659099E-03   2.0406383212160E-03
  415   -4.2981567320048   -4.2081245672663E-03   2.0376677023169E-03
  416   -4.3020026400735   -4.2018687952077E-03   2.0347221087026E-03
  417   -4.3058442597248   -4.1956436326874E-03   2.0318012886334E-03
  418   -4.3096815808840   -4.1894488863334E-03   2.0289050118562E-03
  419   -4.3135145965227   -4.1832842429308E-03   2.0260330448558E-03
  420   -4.3173433007905   -4.1771494386031E-03   2.0231851511424E-03
  421   -4.3211676871987   -4.1710442218987E-03   2.0203610996533E-03
  422   -4.3249877458011   -4.1649683642605E-03   2.0175606707724E-03
  423   -4.3288034729322   -4.1589215652518E-03   2.0147836302743E-03
  424   -4.3326148620540   -4.1529036008565E-03   2.0120297553011E-03
  425   -4.3364219035180   -4.1469141970698E-03   2.0092988320501E-03
  426   -4.3402245918542   -4.1409531299406E-03   2.0065906394114E-03
  427   -4.3440229231529   -4.1350201421004E-03   2.0039049536973E-03
  428   -4.3478168881537   -4.1291150156030E-03   2.0012415677732E-03
  429   -4.3516064814312   -4.1232374680471E-03   1.9986002674786E-03
  430   -4.3553916962238   -4.1173873022748E-03   1.9959808435923E-03
  431   -4.3591725312238   -4.1115642641977E-03   1.9933830749015E-03
  432   -4.3629489723702   -4.1057681291693E-03   1.9908067771029E-03
  433   -4.3667210195783   -4.0999986676488E-03   1.9882517303369E-03
  434   -4.3704886643474   -4.0942556638711E-03   1.9857177387796E-03
  435   -4.3742519019446   -4.0885388613338E-03   1.9832046008795E-03
  436   -4.3780107251975   -4.0828480820738E-03   1.9807121209818E-03
  437   -4.3817651325422   -4.0771830861234E-03   1.9782400921660E-03
  438   -4.3855151128856   -4.0715436374342E-03   1.9757883357049E-03
  439   -4.3892606641833   -4.0659295476403E-03   1.9733566499867E-03
  440   -4.3930017802744   -4.0603405890619E-03   1.9709448457818E-03
  441   -4.3967384567913   -4.0547765658963E-03   1.9685527327825E-03
  442   -4.4004706860668   -4.0492372528799E-03   1.9661801302572E-03
  443   -4.4041984664070   -4.0437224565294E-03   1.9638268445008E-03
  444   -4.4079217893588   -4.0382319671031E-03   1.9614927007836E-03
  445   -4.4116406525303   -4.0327655863951E-03   1.9591775113736E-03
  446   -4.4153550475620   -4.0273231296925E-03   1.9568811052495E-03
  447   -4.4190649750492   -4.0219043683152E-03   1.9546032910475E-03
  448   -4.4227704257266   -4.0165091189532E-03   1.9523439046174E-03
  449   -4.4264713971847   -4.0111371952486E-03   1.9501027645991E-03
  450   -4.4301678829869   -4.0057884095537E-03   1.9478797038211E-03
  451   -4.4338598797908   -4.0004625565818E-03   1.9456745485231E-03
  452   -4.4375473804719   -3.9951594592835E-03   1.9434871354097E-03
  453   -4.4412303890638   -3.9898789141821E-03   1.9413172760362E-03
  454   -4.4449088908446   -3.9846207862337E-03   1.9391648307141E-03
  455   -4.4485828871997   -3.9793848509980E-03   1.9370296210415E-03
  456   -4.4522523766311   -3.9741709175554E-03   1.9349114767535E-03
  457   -4.4559173476322   -3.9689788425963E-03   1.9328102566470E-03
  458   -4.4595778009530   -3.9638084168629E-03   1.9307257880672E-03
  459   -4.4632337298119   -3.9586595053263E-03   1.9286579203377E-03
  460   -4.4668851329502   -3.9535319196198E-03   1.9266064903492E-03
  461   -4.4705320101071   -3.9484254845746E-03   1.9245713340793E-03
  462   -4.4741743496704   -3.9433400199037E-03   1.9225523184582E-03
  463   -4.4778121496091   -3.9382753762137E-03   1.9205492865856E-03
  464   -4.4814454130143   -3.9332313804364E-03   1.9185620717443E-03
  465   -4.4850741305986   -3.9282078369551E-03   1.9165905397111E-03
  466   -4.4886983017006   -3.9232046381537E-03   1.9146345348029E-03
  467   -4.4923179184116   -3.9182216156504E-03   1.9126939223116E-03
  468   -4.4959329829798   -3.9132585826523E-03   1.9107685445234E-03
  469   -4.4995434882198   -3.9083153816470E-03   1.9088582669334E-03
  470   -4.5031494352172   -3.9033918902939E-03   1.9069629370935E-03
  471   -4.5067508160989   -3.8984879287154E-03   1.9050824265416E-03
  472   -4.5103476314965   -3.8936033310315E-03   1.9032165871017E-03
  473   -4.5139398799553   -3.8887379567901E-03   1.9013652772726E-03
  474   -4.5175275502645   -3.8838916837474E-03   1.8995283797535E-03
  475   -4.5211106475286   -3.8790643369117E-03   1.8977057407112E-03
  476   -4.5246891670260   -3.8742557637148E-03   1.8958972310732E-03
  477   -4.5282631077955   -3.8694658389643E-03   1.8941027137449E-03
  478   -4.5318324615915   -3.8646943937229E-03   1.8923220708273E-03
  479   -4.5353972309153   -3.8599413263766E-03   1.8905551597751E-03
  480   -4.5389574135179   -3.8552064527749E-03   1.8888018513640E-03
  481   -4.5425130041850   -3.8504896393456E-03   1.8870620246600E-03
  482   -4.5460640071507   -3.8457907849181E-03   1.8853355371403E-03
  483   -4.5496104087608   -3.8411097104620E-03   1.8836222909871E-03
  484   -4.5531522152654   -3.8364462851281E-03   1.8819221420724E-03
  485   -4.5566894250351   -3.8318003930764E-03   1.8802349661256E-03
  486   -4.5602220308501   -3.8271719035756E-03   1.8785606535692E-03
  487   -4.5637500333377   -3.8225606700958E-03   1.8768990771545E-03
  488   -4.5672734296618   -3.8179665681832E-03   1.8752501205880E-03
  489   -4.5707922195806   -3.8133894802722E-03   1.8736136601229E-03
  490   -4.5743064028819   -3.8088292365364E-03   1.8719895771449E-03
  491   -4.5778159756683   -3.8042857642135E-03   1.8703777584710E-03
  492   -4.5813209328298   -3.7997589154283E-03   1.8687780984731E-03
  493   -4.5848212821050   -3.7952485340449E-03   1.8671904608321E-03
  494   -4.5883170087305   -3.7907545585839E-03   1.8656147638186E-03
  495   -4.5918081242280   -3.7862768091185E-03   1.8640508649163E-03
  496   -4.5952946205107   -3.7818152134083E-03   1.8624986698091E-03
  497   -4.5987764960494   -3.7773696127537E-03   1.8609580686066E-03
  498   -4.6022537509609   -3.7729399159586E-03   1.8594289500268E-03
  499   -4.6057263838542   -3.7685260054607E-03   1.8579112059168E-03
  500   -4.6091943961107   -3.7641277237771E-03   1.8564047248643E-03
  501   -4.6126577826089   -3.7597450048095E-03   1.8549094099309E-03
  502   -4.6161165428653   -3.7553777328759E-03   1.8534251552419E-03
  503   -4.6195706767390   -3.7510257638383E-03   1.8519518557583E-03
  504   -4.6230201844440   -3.7466890047003E-03   1.8504894058901E-03
  505   -4.6264650662936   -3.7423673401026E-03   1.8490377016089E-03
  506   -4.6299053143026   -3.7380606710263E-03   1.8475966581797E-03
  507   -4.6333409328452   -3.7337688889378E-03   1.8461661642505E-03
  508   -4.6367719210970   -3.7294918600427E-03   1.8447461216536E-03
  509   -4.6401982812934   -3.7252295163200E-03   1.8433364261759E-03
  510   -4.6436200104498   -3.7209817151306E-03   1.8419369859593E-03
  511   -4.6470371067146   -3.7167483536317E-03   1.8405477080905E-03
  512   -4.6504495677575   -3.7125293705612E-03   1.8391685015704E-03
  513   -4.6538573957928   -3.7083246288258E-03   1.8377992665598E-03
  514   -4.6572605927576   -3.7041340320342E-03   1.8364399042901E-03
  515   -4.6606591565665   -3.6999574774390E-03   1.8350903267089E-03
  516   -4.6640530842506   -3.6957948806876E-03   1.8337504477356E-03
  517   -4.6674423800754   -3.6916460972970E-03   1.8324201672139E-03
  518   -4.6708270408431   -3.6875111385336E-03   1.8310994014178E-03
  519   -4.6742070658677   -3.6833897579374E-03   1.8297880637744E-03
  520   -4.6775824566911   -3.6792819800612E-03   1.8284860613118E-03
  521   -4.6809532124089   -3.6751876677925E-03   1.8271933094368E-03
  522   -4.6843193364648   -3.6711067261681E-03   1.8259097137814E-03
  523   -4.6876808242815   -3.6670390194210E-03   1.8246352001160E-03
  524   -4.6910376786938   -3.6629845109629E-03   1.8233696762072E-03
  525   -4.6943898971227   -3.6589431074772E-03   1.8221130645667E-03
  526   -4.6977374864139   -3.6549147046134E-03   1.8208652677732E-03
  527   -4.7010804383890   -3.6508992036411E-03   1.8196262217073E-03
  528   -4.7044187593078   -3.6468965373916E-03   1.8183958312686E-03
  529   -4.7077524471799   -3.6429065886994E-03   1.8171740213563E-03
  530   -4.7110815011402   -3.6389292967742E-03   1.8159607138326E-03
  531   -4.7144059261802   -3.6349645718573E-03   1.8147558200359E-03
  532   -4.7177257187612   -3.6310123083932E-03   1.8135592701770E-03
  533   -4.7210408796793   -3.6270724311560E-03   1.8123709855782E-03
  534   -4.7243514144774   -3.6231448562671E-03   1.8111908782095E-03
  535   -4.7276573188042   -3.6192295329575E-03   1.8100188831153E-03
  536   -4.7309585957304   -3.6153263213293E-03   1.8088549183045E-03
  537   -4.7342552439298   -3.6114351750728E-03   1.8076989143619E-03
  538   -4.7375472632761   -3.6075559861423E-03   1.8065507982403E-03
  539   -4.7408346610755   -3.6036887145969E-03   1.8054104823808E-03
  540   -4.7441174326023   -3.5998332565024E-03   1.8042779064353E-03
  541   -4.7473955752746   -3.5959895311151E-03   1.8031530043506E-03
  542   -4.7506690996579   -3.5921574450394E-03   1.8020356852977E-03
  543   -4.7539379988237   -3.5883369642362E-03   1.8009258944375E-03
  544   -4.7572022857866   -3.5845279456843E-03   1.7998235375060E-03
  545   -4.7604619471432   -3.5807303896331E-03   1.7987285741293E-03
  546   -4.7637169900925   -3.5769441901524E-03   1.7976409223934E-03
  547   -4.7669674152865   -3.5731692617360E-03   1.7965605157721E-03
  548   -4.7702132284152   -3.5694055147264E-03   1.7954872776253E-03
  549   -4.7734544220178   -3.5656529161788E-03   1.7944211580475E-03
  550   -4.7766910059494   -3.5619113846276E-03   1.7933620736622E-03
  551   -4.7799229747340   -3.5581808100243E-03   1.7923099719014E-03
  552   -4.7831503430219   -3.5544611769767E-03   1.7912647610490E-03
  553   -4.7863730905321   -3.5507523576868E-03   1.7902264214037E-03
  554   -4.7895912372159   -3.5470543061694E-03   1.7891948499142E-03
  555   -4.7928047777405   -3.5433669659792E-03   1.7881699978227E-03
  556   -4.7960137144997   -3.5396902573686E-03   1.7871518006566E-03
  557   -4.7992180466189   -3.5360241300356E-03   1.7861402007085E-03
  558   -4.8024177800898   -3.5323684590329E-03   1.7851351281780E-03
  559   -4.8056129067623   -3.5287232854618E-03   1.7841365405784E-03
  560   -4.8088034497603   -3.5250884164199E-03   1.7831443357962E-03
  561   -4.8119893895514   -3.5214638411478E-03   1.7821584956049E-03
  562   -4.8151707356155   -3.5178495449836E-03   1.7811789447980E-03
  563   -4.8183474905798   -3.5142453800029E-03   1.7802056237579E-03
  564   -4.8215196545259   -3.5106513252711E-03   1.7792384775760E-03
  565   -4.8246872342722   -3.5070673003846E-03   1.7782774386952E-03
  566   -4.8278502239037   -3.5034932879927E-03   1.7773224643743E-03
  567   -4.8310086298672   -3.4999291205521E-03   1.7763734905496E-03
  568   -4.8341624605297   -3.4963748457001E-03   1.7754304468875E-03
  569   -4.8373117069068   -3.4928303356410E-03   1.7744933007438E-03
  570   -4.8404563759793   -3.4892955654804E-03   1.7735619864861E-03
  571   -4.8435964668005   -3.4857704717000E-03   1.7726364552935E-03
  572   -4.8467319906058   -3.4822549712833E-03   1.7717166361631E-03
  573   -4.8498629456285   -3.4787490080478E-03   1.7708024825852E-03
  574   -4.8529893195588   -3.4752525543098E-03   1.7698939686855E-03
  575   -4.8561111384365   -3.4717655401457E-03   1.7689909965612E-03
  576   -4.8592283865107   -3.4682878876687E-03   1.7680935490937E-03
  577   -4.8623410784453   -3.4648195326701E-03   1.7672015505559E-03
  578   -4.8654492099583   -3.4613604318630E-03   1.7663149621037E-03
  579   -4.8685527836169   -3.4579105706531E-03   1.7654337320963E-03
  580   -4.8716518013340   -3.4544698229052E-03   1.7645578122343E-03
  581   -4.8747462692591   -3.4510381436141E-03   1.7636871452026E-03
  582   -4.8778361874881   -3.4476155643590E-03   1.7628216851226E-03
  583   -4.8809215595674   -3.4442019171255E-03   1.7619613822858E-03
  584   -4.8840023872117   -3.4407972131318E-03   1.7611061894447E-03
  585   -4.8870786738868   -3.4374013715144E-03   1.7602560566429E-03
  586   -4.8901504218945   -3.4340143406428E-03   1.7594109368430E-03
  587   -4.8932176311647   -3.4306360705531E-03   1.7585707877861E-03
  588   -4.8962803088728   -3.4272665654951E-03   1.7577355540089E-03
  589   -4.8993384579337   -3.4239056817218E-03   1.7569051894265E-03
  590   -4.9023920766119   -3.4205534117109E-03   1.7560796557598E-03
  591   -4.9054411704092   -3.4172097075120E-03   1.7552589025593E-03
  592   -4.9084857427460   -3.4138745217686E-03   1.7544428834227E-03
  593   -4.9115257943618   -3.4105477917178E-03   1.7536315577059E-03
  594   -4.9145613329382   -3.4072294679435E-03   1.7528248717476E-03
  595   -4.9175923528524   -3.4039194701013E-03   1.7520227981689E-03
  596   -4.9206188661257   -3.4006178232706E-03   1.7512252753550E-03
  597   -4.9236408692474   -3.3973244374677E-03   1.7504322730649E-03
  598   -4.9266583750255   -3.3940392592628E-03   1.7496437299795E-03
  599   -4.9296713639310   -3.3907622557706E-03   1.7488596456483E-03
  600   -4.9326798695712   -3.3874933891579E-03   1.7480799207430E-03
  601   -4.9356838743814   -3.3842325739328E-03   1.7473045527375E-03
  602   -4.9386833791546   -3.3809797656659E-03   1.7465335035738E-03
  603   -4.9416784026033   -3.3777349556714E-03   1.7457667046421E-03
  604   -4.9446689384481   -3.3744980985856E-03   1.7450041323229E-03
  605   -4.9476549946309   -3.3712690893868E-03   1.7442457373829E-03
  606   -4.9506365652148   -3.3680479594490E-03   1.7434914971079E-03
  607   -4.9536136612572   -3.3648346394767E-03   1.7427413567196E-03
  608   -4.9565862838376   -3.3616290449328E-03   1.7419952826185E-03
  609   -4.9595544414386   -3.3584311641083E-03   1.7412532258468E-03
  610   -4.9625181185483   -3.3552409643922E-03   1.7405151822427E-03
  611   -4.9654773439153   -3.3520584008223E-03   1.7397810670897E-03
  612   -4.9684321040653   -3.3488834021074E-03   1.7390508738470E-03
  613   -4.9713824109794   -3.3457159084631E-03   1.7383245491143E-03
  614   -4.9743282636989   -3.3425559805984E-03   1.7376020634754E-03
  615   -4.9772696618436   -3.3394034717564E-03   1.7368833878299E-03
  616   -4.9802066164121   -3.3362584098130E-03   1.7361684712266E-03
  617   -4.9831391295670   -3.3331206966007E-03   1.7354572802692E-03
  618   -4.9860672045973   -3.3299903070080E-03   1.7347497802226E-03
  619   -4.9889908436298   -3.3268672120808E-03   1.7340459367496E-03
  620   -4.9919100404746   -3.3237513795429E-03   1.7333457333712E-03
  621   -4.9948248185249   -3.3206427300358E-03   1.7326490992159E-03
  622   -4.9977351660829   -3.3175412943741E-03   1.7319560268058E-03
  623   -5.0006410933969   -3.3144469721746E-03   1.7312664705000E-03
  624   -5.0035425986230   -3.3113597492361E-03   1.7305804054456E-03
  625   -5.0064396915271   -3.3082796003606E-03   1.7298977875675E-03
  626   -5.0093323725004   -3.3052064452083E-03   1.7292185894934E-03
  627   -5.0122206545520   -3.3021402350445E-03   1.7285427619613E-03
  628   -5.0151045120660   -3.2990810783798E-03   1.7278703223076E-03
  629   -5.0179839793465   -3.2960287168069E-03   1.7272011863499E-03
  630   -5.0208590608345   -3.2929832679255E-03   1.7265353191458E-03
  631   -5.0237297391044   -3.2899446228560E-03   1.7258727269782E-03
  632   -5.0265960267507   -3.2869128444810E-03   1.7252133616302E-03
  633   -5.0294579354219   -3.2838877390926E-03   1.7245571795950E-03
  634   -5.0323154548017   -3.2808694246690E-03   1.7239041728311E-03
  635   -5.0351686087875   -3.2778577307366E-03   1.7232542770489E-03
  636   -5.0380173738551   -3.2748527186484E-03   1.7226075077900E-03
  637   -5.0408617690827   -3.2718543918028E-03   1.7219638091360E-03
  638   -5.0437018080024   -3.2688625712241E-03   1.7213231348079E-03
  639   -5.0465374786881   -3.2658772851363E-03   1.7206854821359E-03
  640   -5.0493687983123   -3.2628985302112E-03   1.7200507985462E-03
  641   -5.0521957546964   -3.2599262274288E-03   1.7194190831567E-03
  642   -5.0550183572108   -3.2569604452821E-03   1.7187902962669E-03
  643   -5.0578366223640   -3.2540010342503E-03   1.7181643890633E-03
  644   -5.0606505378621   -3.2510479808784E-03   1.7175413606017E-03
  645   -5.0634601123833   -3.2481013204638E-03   1.7169211745807E-03
  646   -5.0662653579581   -3.2451609453580E-03   1.7163037884486E-03
  647   -5.0690662662956   -3.2422268669179E-03   1.7156891970649E-03
  648   -5.0718628467180   -3.2392990126560E-03   1.7150773629201E-03
  649   -5.0746551047886   -3.2363773778592E-03   1.7144682561717E-03
  650   -5.0774430447990   -3.2334619215935E-03   1.7138618498935E-03
  651   -5.0802266740575   -3.2305526442085E-03   1.7132581113268E-03
  652   -5.0830059865955   -3.2276494728914E-03   1.7126570316834E-03
  653   -5.0857809963990   -3.2247523857440E-03   1.7120585672315E-03
  654   -5.0885516874166   -3.2218613849104E-03   1.7114627262223E-03
  655   -5.0913180958465   -3.2189764146635E-03   1.7108694283114E-03
  656   -5.0940801947612   -3.2160974183452E-03   1.7102787008596E-03
  657   -5.0968380150124   -3.2132243806563E-03   1.7096904730450E-03
  658   -5.0995915481087   -3.2103573329838E-03   1.7091047411112E-03
  659   -5.1023407933503   -3.2074961467753E-03   1.7085214875657E-03
  660   -5.1050857591416   -3.2046408535498E-03   1.7079406822515E-03
  661   -5.1078264513320   -3.2017914219828E-03   1.7073622958652E-03
  662   -5.1105628717921   -3.1989478511540E-03   1.7067863088904E-03
  663   -5.1132950278396   -3.1961100165184E-03   1.7062126923286E-03
  664   -5.1160229248287   -3.1932779715955E-03   1.7056414201224E-03
  665   -5.1187465471232   -3.1904516298431E-03   1.7050725013931E-03
  666   -5.1214659283542   -3.1876310237524E-03   1.7045058637036E-03
  667   -5.1241810604312   -3.1848160745919E-03   1.7039415050997E-03
  668   -5.1268919381179   -3.1820068354310E-03   1.7033794159776E-03
  669   -5.1295985862529   -3.1792031635421E-03   1.7028195427582E-03
  670   -5.1323009919854   -3.1764051135565E-03   1.7022618883973E-03
  671   -5.1349991593560   -3.1736126492369E-03   1.7017064305125E-03
  672   -5.1376931031052   -3.1708257068309E-03   1.7011531316484E-03
  673   -5.1403828208346   -3.1680443253842E-03   1.7006019790447E-03
  674   -5.1430683206892   -3.1652683874760E-03   1.7000529458857E-03
  675   -5.1457496058241   -3.1624979429155E-03   1.6995060105971E-03
  676   -5.1484266759068   -3.1597328922679E-03   1.6989611610932E-03
  677   -5.1510995258614   -3.1569732883608E-03   1.6984183887333E-03
  678   -5.1537681922175   -3.1542190349676E-03   1.6978776232700E-03
  679   -5.1564326532056   -3.1514701804559E-03   1.6973388830660E-03
  680   -5.1590929056881   -3.1487266715557E-03   1.6968021598139E-03
  681   -5.1617489904001   -3.1459884621333E-03   1.6962673756709E-03
  682   -5.1644008727902   -3.1432555187503E-03   1.6957345724739E-03
  683   -5.1670485783408   -3.1405278779919E-03   1.6952036947989E-03
  684   -5.1696921050294   -3.1378054331946E-03   1.6946747330223E-03
  685   -5.1723314607412   -3.1350881813632E-03   1.6941476625763E-03
  686   -5.1749666441976   -3.1323761900923E-03   1.6936224710756E-03
  687   -5.1775976573956   -3.1296693047992E-03   1.6930991440605E-03
  688   -5.1802245195131   -3.1269676060197E-03   1.6925776380789E-03
  689   -5.1828472147809   -3.1242709532038E-03   1.6920579661076E-03
  690   -5.1854657660688   -3.1215794496384E-03   1.6915400788923E-03
  691   -5.1880801663055   -3.1188929780946E-03   1.6910239762713E-03
  692   -5.1906904185175   -3.1162115880878E-03   1.6905096412144E-03
  693   -5.1932965498838   -3.1135351953372E-03   1.6899970195831E-03
  694   -5.1958985284352   -3.1108638081607E-03   1.6894861494968E-03
  695   -5.1984963831756   -3.1081973952602E-03   1.6889769742235E-03
  696   -5.2010901167413   -3.1055359328093E-03   1.6884694791313E-03
